3,2
3,1
3,3
10,220
10,247
10,74
10,16
10,72
10,83
8,7
8,6
8,4
8,2
24,3
24,1
12,3
12,2
12,1
11,30
11,29
11,28
11,27
11,26
11,25
11,24
11,23
11,22
11,21
11,20
11,19
11,18
11,17
11,16
11,15
20,2
20,1
11,14
11,13
11,12
11,11
11,10
11,9
11,8
11,7
11,6
11,5
11,4
11,3
20,3
11,2
11,1
10,316
10,310
10,302
10,298
10,296
10,291
10,289
10,288
10,281
10,279
10,275
10,273
19,2
10,269
19,1
10,268
10,267
19,3
10,266
10,263
10,251
10,244
10,241
10,236
10,235
10,233
10,232
10,231
10,228
10,226
10,223
10,218
10,214
10,212
10,205
10,195
18,1
10,194
10,182
18,3
10,180
14,1
10,173
14,3
13,1
10,171
13,3
10,168
10,167
10,141
10,135
10,105
10,67
2,2
2,1
10,35
10,3
10,2
10,1
9,7
9,6
9,5
9,4
9,3
2,3
